26
9
300.0
59971243145384929868394051
28390652893779105437591075
70533867332078756513794542
08355903323639214162501996
40563998040572733374337227
84356453403710494745261703
99474230658229842923501955
01206094114539599230149561
73362926349145029097898775
17536278084906445764565085
98010292337452016983972813
32372718561341797899041292
89138280299401373033421854
56278791842062615057137759
88862636872927855453417411
70841186469685447411397246
70743834154048272806774920
42499298224251311980484645
24495629929469861122863990
05205641892594018980871007
46578893822873260149713001
80399463131308851637251606
63792916582317169023520309
57035840240623764245888090
00836582071027650806375585
48614425689291859393580909
